[gd_scene load_steps=17 format=3 uid="uid://bq6ilcx8jrp42"]

[ext_resource type="PackedScene" uid="uid://bq4r28jv36sep" path="res://Scenes/Prefabs/Player.tscn" id="1_bgc4y"]
[ext_resource type="PackedScene" uid="uid://crhigal1rlfrx" path="res://Scenes/Prefabs/Level Design Elements/SlidingPlatform.tscn" id="4_8pu77"]
[ext_resource type="PackedScene" uid="uid://d3phruk5mowp3" path="res://Scenes/Prefabs/Pickups/PickupItem.tscn" id="4_upnw6"]
[ext_resource type="PackedScene" uid="uid://b8intk1ci0l4v" path="res://Scenes/Prefabs/Level Design Elements/InteractableButton.tscn" id="5_bhsa7"]
[ext_resource type="PackedScene" uid="uid://dy0nyqewtis1" path="res://Scenes/Prefabs/Level Design Elements/Drawbridge.tscn" id="6_efn8e"]
[ext_resource type="PackedScene" uid="uid://bpsik757801yd" path="res://Art/Models/Environment/Chrysler building_v1.gltf" id="7_6o8wq"]
[ext_resource type="PackedScene" uid="uid://cngrix4nac3ym" path="res://Scenes/Prefabs/Enemy.tscn" id="7_yu3nt"]
[ext_resource type="PackedScene" uid="uid://bn3yvr42eef65" path="res://Scenes/Prefabs/Level Design Elements/LightSphere.tscn" id="8_6xfpy"]
[ext_resource type="PackedScene" uid="uid://c80jmo5p7x2l4" path="res://Scenes/Prefabs/Level Design Elements/Elevator.tscn" id="9_lo7c2"]
[ext_resource type="PackedScene" uid="uid://clsaosmykk3n0" path="res://Art/Models/Platforms/pizza box v1.glb" id="10_aoeuq"]

[sub_resource type="ProceduralSkyMaterial" id="ProceduralSkyMaterial_6cv3v"]
sky_top_color = Color(0.541176, 0.129412, 1, 1)
sky_horizon_color = Color(1, 0.419608, 0.678431, 1)
sky_curve = 0.0609202
sky_energy_multiplier = 0.6
ground_bottom_color = Color(0.233758, 0.00064707, 0.426209, 1)
ground_horizon_color = Color(0.72549, 0.560784, 0.945098, 1)
ground_curve = 0.0237842
ground_energy_multiplier = 0.9

[sub_resource type="Sky" id="Sky_pkavx"]
sky_material = SubResource("ProceduralSkyMaterial_6cv3v")

[sub_resource type="Environment" id="Environment_gk65a"]
background_mode = 2
sky = SubResource("Sky_pkavx")
ambient_light_sky_contribution = 0.3
tonemap_mode = 2

[sub_resource type="NavigationMesh" id="NavigationMesh_xtvgm"]
agent_height = 2.0

[sub_resource type="TextMesh" id="TextMesh_yq40t"]
text = "DAGGER"
font_size = 50

[sub_resource type="StandardMaterial3D" id="StandardMaterial3D_ph1dg"]
transparency = 1
albedo_color = Color(1, 1, 1, 0.470588)
disable_receive_shadows = true

[sub_resource type="TextMesh" id="TextMesh_3fois"]
text = "SWORD"
font_size = 50

[node name="ChryslerBuilding_Prototype01" type="Node3D"]

[node name="DirectionalLight3D" type="DirectionalLight3D" parent="."]
transform = Transform3D(-0.866025, -0.383022, 0.321394, 0, 0.642788, 0.766044, -0.5, 0.663414, -0.55667, 0, 0, 0)
light_energy = 0.2
shadow_enabled = true

[node name="WorldEnvironment" type="WorldEnvironment" parent="."]
environment = SubResource("Environment_gk65a")

[node name="NavigationRegion3D" type="NavigationRegion3D" parent="."]
navigation_mesh = SubResource("NavigationMesh_xtvgm")

[node name="Chrysler building_v1" parent="NavigationRegion3D" instance=ExtResource("7_6o8wq")]
transform = Transform3D(1, 0, 0, 0, 1, 0, 0, 0, 1, -30, 0, 30)

[node name="BaseLevel" type="Node3D" parent="NavigationRegion3D"]
transform = Transform3D(1, 0, 0, 0, 1, 0, 0, 0, 1, 0, -1, 0)

[node name="BaseBase" type="CSGBox3D" parent="NavigationRegion3D/BaseLevel"]
use_collision = true
size = Vector3(150, 1, 150)

[node name="GroundLevel" type="Node3D" parent="NavigationRegion3D"]

[node name="Wall_large" type="CSGBox3D" parent="NavigationRegion3D/GroundLevel"]
transform = Transform3D(1, 0, 0, 0, 1, 0, 0, 0, 1, 0, 6.5, 17)
use_collision = true
size = Vector3(25.6807, 13, 1)

[node name="Doorway_large" type="CSGPolygon3D" parent="NavigationRegion3D/GroundLevel"]
transform = Transform3D(-4.37114e-08, 0, -1, 0, 1, 0, 1, 0, -4.37114e-08, -12.7862, -0.0325557, 21.8354)
use_collision = true
polygon = PackedVector2Array(-4.3, 0, -4.3, 13, 8.3, 13, 8.3, 0, 3, 0, 3, 4, 0, 4, 0, 0)

[node name="Doorway_large2" type="CSGPolygon3D" parent="NavigationRegion3D/GroundLevel"]
transform = Transform3D(-4.37114e-08, 0, -1, 0, 1, 0, 1, 0, -4.37114e-08, 11.8138, -0.0325557, 21.8354)
use_collision = true
polygon = PackedVector2Array(-4.3, 0, -4.3, 13, 8.3, 13, 8.3, 0, 3, 0, 3, 4, 0, 4, 0, 0)

[node name="BigBlock" type="CSGBox3D" parent="NavigationRegion3D/GroundLevel"]
transform = Transform3D(1, 0, 0, 0, 1, 0, 0, 0, 1, 0, 3, -16)
use_collision = true
size = Vector3(61, 6, 10)

[node name="Stairs01" type="CSGBox3D" parent="NavigationRegion3D/GroundLevel"]
transform = Transform3D(1, 0, 0, 0, 1, 0, 0, 0, 1, 26, 6.6, -15.7)
use_collision = true
size = Vector3(9, 1.2, 10)

[node name="Stairs02" type="CSGBox3D" parent="NavigationRegion3D/GroundLevel"]
transform = Transform3D(1, 0, 0, 0, 1, 0, 0, 0, 1, 27.5, 7.8, -16)
use_collision = true
size = Vector3(6, 1.2, 10)

[node name="Stairs03" type="CSGBox3D" parent="NavigationRegion3D/GroundLevel"]
transform = Transform3D(1, 0, 0, 0, 1, 0, 0, 0, 1, 24, 4.75, -6)
use_collision = true
size = Vector3(13, 9.7, 10)

[node name="Stairs04" type="CSGBox3D" parent="NavigationRegion3D/GroundLevel"]
transform = Transform3D(-4.37114e-08, 0, -1, 0, 1, 0, 1, 0, -4.37114e-08, 24, 10.2, -4.54051)
use_collision = true
size = Vector3(7, 1.2, 13)

[node name="Stairs05" type="CSGBox3D" parent="NavigationRegion3D/GroundLevel"]
transform = Transform3D(-4.37114e-08, 0, -1, 0, 1, 0, 1, 0, -4.37114e-08, 24, 11.4, -3.04051)
use_collision = true
size = Vector3(4, 1.2, 13)

[node name="Stairs06" type="CSGBox3D" parent="NavigationRegion3D/GroundLevel"]
transform = Transform3D(-4.37114e-08, 0, -1, 0, 1, 0, 1, 0, -4.37114e-08, 0, 13.492, 11.8218)
use_collision = true
size = Vector3(4, 1.2, 13)

[node name="UpperPlatform" type="CSGBox3D" parent="NavigationRegion3D/GroundLevel"]
transform = Transform3D(1, 0, 0, 0, 1, 0, 0, 0, 1, -0.257643, 11.8917, 14.8597)
use_collision = true
size = Vector3(61, 2, 32)

[node name="FlavourCylinder01" type="CSGCylinder3D" parent="NavigationRegion3D/GroundLevel"]
transform = Transform3D(0.535517, -0.536364, 0.65233, 0.771013, 0.625701, -0.118478, -0.344616, 0.566402, 0.748618, -6.0776, 9.83771, 5.56138)
use_collision = true
radius = 1.38772
height = 4.62024

[node name="FlavourCylinder02" type="CSGCylinder3D" parent="NavigationRegion3D/GroundLevel"]
transform = Transform3D(0.903068, -0.459922, -0.789091, -0.261607, 0.959838, -0.755712, 0.973028, 0.684915, 0.529177, -27.4701, 10, -13.1366)
use_collision = true
radius = 2.0
height = 16.0

[node name="FlavourBox" type="CSGBox3D" parent="NavigationRegion3D/GroundLevel"]
transform = Transform3D(0.820312, 0.448319, 0.355104, 0, 0.620902, -0.783889, -0.571917, 0.643033, 0.509333, -25.6064, 14.6994, -5.22519)
use_collision = true
size = Vector3(10, 1, 9)

[node name="FirstLevel" type="Node3D" parent="NavigationRegion3D"]
transform = Transform3D(1, 0, 0, 0, 1, 0, 0, 0, 1, 0, 13.685, 23)

[node name="Slope01" type="CSGBox3D" parent="NavigationRegion3D/FirstLevel"]
transform = Transform3D(0.5, -0.296198, 0.813798, -5.33516e-16, 0.939692, 0.34202, -0.866025, -0.17101, 0.469846, -2.11306, 2.54158, 2.96563)
use_collision = true
size = Vector3(5, 1, 18)

[node name="Slope02" type="CSGBox3D" parent="NavigationRegion3D/FirstLevel"]
transform = Transform3D(-0.927392, 0.155435, -0.340271, -0.0031636, 0.906302, 0.422618, 0.374078, 0.393009, -0.840005, 6.77213, 8.2256, -1.03045)
use_collision = true
size = Vector3(5, 1, 18)

[node name="Slope03" type="CSGBox3D" parent="NavigationRegion3D/FirstLevel"]
transform = Transform3D(0.786451, 0.263285, -0.558726, -0.0031636, 0.906302, 0.422618, 0.617644, -0.330601, 0.713595, -4.86501, 15.1202, -0.790932)
use_collision = true
size = Vector3(5, 1, 18)

[node name="Cylinder01" type="CSGCylinder3D" parent="NavigationRegion3D/FirstLevel"]
transform = Transform3D(-4.37114e-08, -1, 0, 0.965445, -4.2201e-08, 0.260606, -0.260606, 1.13914e-08, 0.965445, -12.2545, 16.9492, -10.8611)
use_collision = true
radius = 1.0
height = 6.33874

[node name="Cylinder02" type="CSGCylinder3D" parent="NavigationRegion3D/FirstLevel"]
transform = Transform3D(-0.142245, -0.8379, 0.526963, 0.535698, 0.382505, 0.752806, -0.832343, 0.389376, 0.394452, -17.8241, 16.9492, -9.45016)
use_collision = true
radius = 1.0
height = 6.33874

[node name="Platform01" type="CSGBox3D" parent="NavigationRegion3D/FirstLevel"]
transform = Transform3D(1, 0, 0, 0, 1, 0, 0, 0, 1, -26.6162, 16.942, 6.34184)
use_collision = true
size = Vector3(7, 1, 7.75537)

[node name="Platform02" type="CSGBox3D" parent="NavigationRegion3D/FirstLevel"]
transform = Transform3D(1, 0, 0, 0, 1, 0, 0, 0, 1, -28.1458, 17.942, 13.3041)
use_collision = true
size = Vector3(3, 1, 2.923)

[node name="Platform03" type="CSGBox3D" parent="NavigationRegion3D/FirstLevel"]
transform = Transform3D(1, 0, 0, 0, 1, 0, 0, 0, 1, -23.2793, 18.942, 15.3509)
use_collision = true
size = Vector3(3, 1, 2.923)

[node name="Platform04" type="CSGBox3D" parent="NavigationRegion3D/FirstLevel"]
transform = Transform3D(1, 0, 0, 0, 1, 0, 0, 0, 1, -18.9332, 19.942, 13.3674)
use_collision = true
size = Vector3(3, 1, 2.923)

[node name="Platform05" type="CSGBox3D" parent="NavigationRegion3D/FirstLevel"]
transform = Transform3D(1, 0, 0, 0, 1, 0, 0, 0, 1, -15.4329, 20.942, 9.77967)
use_collision = true
size = Vector3(3, 1, 2.923)

[node name="Platform06" type="CSGBox3D" parent="NavigationRegion3D/FirstLevel"]
transform = Transform3D(1, 0, 0, 0, 1, 0, 0, 0, 1, -20.3333, 21.942, 9.37132)
use_collision = true
size = Vector3(3, 1, 2.923)

[node name="Platform07" type="CSGBox3D" parent="NavigationRegion3D/FirstLevel"]
transform = Transform3D(1, 0, 0, 0, 1, 0, 0, 0, 1, -25.175, 22.942, 8.71335)
use_collision = true
size = Vector3(3, 1, 2.923)

[node name="Platform08" type="CSGBox3D" parent="NavigationRegion3D/FirstLevel"]
transform = Transform3D(1, 0, 0, 0, 1, 0, 0, 0, 1, -21.4636, 23.5383, 0.336472)
use_collision = true
size = Vector3(5, 1, 14.6895)

[node name="Platform09" type="CSGBox3D" parent="NavigationRegion3D/FirstLevel"]
transform = Transform3D(0.859719, 2.22045e-16, 0.510768, 0.0622381, 0.992548, -0.104758, -0.506962, 0.121852, 0.853312, -25.1696, 23.5383, -15.5143)
use_collision = true
size = Vector3(5, 1, 14.6895)

[node name="Platform10" type="CSGBox3D" parent="NavigationRegion3D/FirstLevel"]
transform = Transform3D(0.308187, 0, -0.951326, 0, 1, 0, 0.951326, 0, 0.308187, -4.94039, 23.5383, -31.6847)
use_collision = true
size = Vector3(5, 1, 44)

[node name="Platform11" type="CSGBox3D" parent="NavigationRegion3D/FirstLevel"]
transform = Transform3D(0.979579, 0, -0.201061, -0.0511022, 0.967161, -0.248973, 0.194458, 0.254163, 0.947411, 4.59941, 24.8626, -42.752)
use_collision = true
size = Vector3(2, 1, 7)

[node name="Platform12" type="CSGBox3D" parent="NavigationRegion3D/FirstLevel"]
transform = Transform3D(0.141057, 0.342543, 0.928852, 1.51242e-08, 0.938234, -0.346002, -0.990001, 0.048806, 0.132344, -0.687778, 27.3002, -46.7576)
use_collision = true
size = Vector3(2, 1, 7)

[node name="Platform13" type="CSGBox3D" parent="NavigationRegion3D/FirstLevel"]
transform = Transform3D(-0.971939, -0.0501865, -0.229815, 0.0023337, 0.974871, -0.22276, 0.23522, -0.217045, -0.947398, -4.67475, 30.1595, -42.1502)
use_collision = true
size = Vector3(2, 1, 7)

[node name="Platform14" type="CSGBox3D" parent="NavigationRegion3D/FirstLevel"]
transform = Transform3D(-0.932256, -0.110251, 0.34459, 0.0774345, 0.869565, 0.487709, -0.353414, 0.481354, -0.80212, -0.33823, 32.954, -43.0882)
use_collision = true
size = Vector3(2, 1, 7)

[node name="Platform15" type="CSGBox3D" parent="NavigationRegion3D/FirstLevel"]
transform = Transform3D(0.301527, -0.286821, 0.909294, 0.0121705, 0.954761, 0.297126, -0.95338, -0.0785249, 0.291376, 3.49904, 35.3194, -46.6011)
use_collision = true
size = Vector3(2, 1, 3)

[node name="Platform16" type="CSGBox3D" parent="NavigationRegion3D/FirstLevel"]
transform = Transform3D(0.964503, -0.212537, -0.156721, 0.126617, 0.893023, -0.431833, 0.231736, 0.39666, 0.888234, 7.26338, 36.8431, -46.5116)
use_collision = true
size = Vector3(2, 1, 3)

[node name="Platform17" type="CSGBox3D" parent="NavigationRegion3D/FirstLevel"]
transform = Transform3D(-4.37114e-08, 0, 1, 0, 1, 0, -1, 0, -4.37114e-08, 4.24597, 37.6189, -49.5828)
use_collision = true
size = Vector3(2, 1, 7.75842)

[node name="Platform18" type="CSGBox3D" parent="NavigationRegion3D/FirstLevel"]
transform = Transform3D(-0.96709, -0.0414241, -0.251038, 1.42332e-08, 0.986658, -0.162809, 0.254433, -0.157451, -0.954187, -0.436387, 38.6651, -46.4735)
use_collision = true
size = Vector3(2, 0.866211, 6.16565)

[node name="SecondLevel" type="Node3D" parent="NavigationRegion3D"]
transform = Transform3D(1, 0, 0, 0, 1, 0, 0, 0, 1, 0, 51.7, 0)

[node name="SecondLevelBasePlatform" type="CSGBox3D" parent="NavigationRegion3D/SecondLevel"]
transform = Transform3D(1, 0, 0, 0, 1, 0, 0, 0, 1, 0, 1.11864, -3.35715)
use_collision = true
size = Vector3(61.1035, 1, 34.9878)

[node name="Player" parent="." instance=ExtResource("1_bgc4y")]
transform = Transform3D(1, 0, 0, 0, 1, 0, 0, 0, 1, 0, 1, 23)

[node name="GroundLevelElements" type="Node3D" parent="."]

[node name="Dagger" type="Node3D" parent="GroundLevelElements"]
transform = Transform3D(1, 0, 0, 0, 1, 0, 0, 0, 1, 2, 6.20499, 19)
visible = false

[node name="DaggerPickupItem" parent="GroundLevelElements/Dagger" instance=ExtResource("4_upnw6")]
transform = Transform3D(1, 0, 0, 0, 1, 0, 0, 0, 1, 0, 1, 0)
item_name = "Dagger"

[node name="DaggerText" type="MeshInstance3D" parent="GroundLevelElements/Dagger"]
transform = Transform3D(1, 0, 0, 0, 1, 0, 0, 0, 1, 0, 2, 0)
mesh = SubResource("TextMesh_yq40t")
skeleton = NodePath("../../..")

[node name="LightSphere" type="CSGSphere3D" parent="GroundLevelElements/Dagger"]
transform = Transform3D(1, 0, 0, 0, 1, 0, 0, 0, 1, -0.03986, 3.77892, 0.122801)
smooth_faces = false
material = SubResource("StandardMaterial3D_ph1dg")

[node name="OmniLight3D" type="OmniLight3D" parent="GroundLevelElements/Dagger/LightSphere"]
light_color = Color(0, 0.737255, 1, 1)
omni_attenuation = 1.1487

[node name="Sword" type="Node3D" parent="GroundLevelElements"]
transform = Transform3D(1, 0, 0, 0, 1, 0, 0, 0, 1, -2, 6.20499, 19)
visible = false

[node name="SwordPickupItem" parent="GroundLevelElements/Sword" instance=ExtResource("4_upnw6")]
transform = Transform3D(1, 0, 0, 0, 1, 0, 0, 0, 1, 0, 1, 0)
item_name = "Sword"

[node name="SwordText" type="MeshInstance3D" parent="GroundLevelElements/Sword"]
transform = Transform3D(1, 0, 0, 0, 1, 0, 0, 0, 1, 0, 2, 0)
mesh = SubResource("TextMesh_3fois")
skeleton = NodePath("../../..")

[node name="LightSphere2" type="CSGSphere3D" parent="GroundLevelElements/Sword"]
transform = Transform3D(1, 0, 0, 0, 1, 0, 0, 0, 1, 0.0191801, 3.77892, 0.122801)
smooth_faces = false
material = SubResource("StandardMaterial3D_ph1dg")

[node name="OmniLight3D" type="OmniLight3D" parent="GroundLevelElements/Sword/LightSphere2"]
light_color = Color(0, 0.737255, 1, 1)
omni_attenuation = 1.1487

[node name="SlidingDoorR" parent="GroundLevelElements" instance=ExtResource("4_8pu77")]
transform = Transform3D(-2.62268e-08, 0, 0.6, 0, 0.6, 0, -0.6, 0, -2.62268e-08, 12.5085, -0.0336296, 23.3148)
two_way_movement = true
activated = true

[node name="InteractableButtonDoorR" parent="GroundLevelElements/SlidingDoorR" node_paths=PackedStringArray("movable_platform") instance=ExtResource("5_bhsa7")]
transform = Transform3D(-2.17116e-15, 7.28522e-08, -1.66667, 1.66667, 4.96705e-08, 0, 4.96705e-08, -1.66667, -7.28522e-08, -5.3555, 2.57632, -1.1785)
movable_platform = NodePath("..")

[node name="LightSphere3" type="CSGSphere3D" parent="GroundLevelElements/SlidingDoorR/InteractableButtonDoorR"]
transform = Transform3D(2.98023e-08, 1, 0, -1, 2.98023e-08, 0, 0, 0, 1, 0.79436, 0.1042, 0.00490189)
visible = false
radius = 0.2
smooth_faces = false
material = SubResource("StandardMaterial3D_ph1dg")

[node name="OmniLight3D" type="OmniLight3D" parent="GroundLevelElements/SlidingDoorR/InteractableButtonDoorR/LightSphere3"]
light_color = Color(0, 0.737255, 1, 1)
omni_attenuation = 1.1487

[node name="SlidingDoorL" parent="GroundLevelElements" instance=ExtResource("4_8pu77")]
transform = Transform3D(-2.62268e-08, 0, 0.6, 0, 0.6, 0, -0.6, 0, -2.62268e-08, -12.4749, -0.0336296, 23.3148)
two_way_movement = true
activated = true

[node name="InteractableButtonDoorL" parent="GroundLevelElements/SlidingDoorL" node_paths=PackedStringArray("movable_platform") instance=ExtResource("5_bhsa7")]
transform = Transform3D(-2.17116e-15, 7.28522e-08, -1.66667, 1.66667, 4.96705e-08, 0, 4.96705e-08, -1.66667, -7.28522e-08, -5.3555, 2.57632, 1.23317)
movable_platform = NodePath("..")

[node name="LightSphere3" type="CSGSphere3D" parent="GroundLevelElements/SlidingDoorL/InteractableButtonDoorL"]
transform = Transform3D(2.98023e-08, 1, 0, -1, 2.98023e-08, 0, 0, 0, 1, 0.79436, -0.00668335, 0.00490189)
visible = false
radius = 0.2
smooth_faces = false
material = SubResource("StandardMaterial3D_ph1dg")

[node name="OmniLight3D" type="OmniLight3D" parent="GroundLevelElements/SlidingDoorL/InteractableButtonDoorL/LightSphere3"]
light_color = Color(0, 0.737255, 1, 1)
omni_attenuation = 1.1487

[node name="Drawbridge" parent="GroundLevelElements" instance=ExtResource("6_efn8e")]
transform = Transform3D(1, 0, 0, 0, 0.965926, -0.258819, 0, 0.258819, 0.965926, 0, 5.54877, -11.1375)
two_way_movement = true

[node name="AnimatableBody3D" parent="GroundLevelElements/Drawbridge" index="0"]
transform = Transform3D(1.5, 0, 0, 0, 0.173651, 0.492404, 0, -0.984807, 0.0868258, 0, 0, 0)

[node name="InteractableButtonDrawbridge" parent="GroundLevelElements/Drawbridge" node_paths=PackedStringArray("movable_platform") instance=ExtResource("5_bhsa7")]
transform = Transform3D(1, 0, 0, 0, 0.258819, -0.965926, 0, 0.965926, 0.258819, 0, -4.17526, 1.29734)
movable_platform = NodePath("..")

[node name="LightSphere4" type="CSGSphere3D" parent="GroundLevelElements/Drawbridge/InteractableButtonDrawbridge"]
transform = Transform3D(1, 0, -3.55271e-15, 3.55271e-15, -4.37114e-08, 1, -1.55294e-22, -1, -4.37114e-08, 0, 0, -1.00324)
visible = false
radius = 0.2
smooth_faces = false
material = SubResource("StandardMaterial3D_ph1dg")

[node name="OmniLight3D" type="OmniLight3D" parent="GroundLevelElements/Drawbridge/InteractableButtonDrawbridge/LightSphere4"]
light_color = Color(0, 0.737255, 1, 1)
omni_attenuation = 1.1487

[node name="Enemy01" parent="GroundLevelElements" instance=ExtResource("7_yu3nt")]
transform = Transform3D(1, 0, 0, 0, 1, 0, 0, 0, 1, 0.0126936, 8.41058, -17.8347)

[node name="LightSphere2" parent="GroundLevelElements" instance=ExtResource("8_6xfpy")]

[node name="LightSphere3" type="CSGSphere3D" parent="GroundLevelElements"]
transform = Transform3D(1, 0, 0, 0, 1, 0, 0, 0, 1, 9.42273, 19.0685, 14.3447)
smooth_faces = false
material = SubResource("StandardMaterial3D_ph1dg")

[node name="OmniLight3D" type="OmniLight3D" parent="GroundLevelElements/LightSphere3"]
light_color = Color(0, 0.737255, 1, 1)
omni_attenuation = 1.1487

[node name="LightSphere4" type="CSGSphere3D" parent="GroundLevelElements"]
transform = Transform3D(1, 0, 0, 0, 1, 0, 0, 0, 1, -9.42841, 19.0685, 14.3447)
smooth_faces = false
material = SubResource("StandardMaterial3D_ph1dg")

[node name="OmniLight3D" type="OmniLight3D" parent="GroundLevelElements/LightSphere4"]
light_color = Color(0, 0.737255, 1, 1)
omni_attenuation = 1.1487

[node name="FirstLevelElements" type="Node3D" parent="."]
transform = Transform3D(1, 0, 0, 0, 1, 0, 0, 0, 1, 0, 13.685, 23)

[node name="SlidingPlatform01" parent="FirstLevelElements" instance=ExtResource("4_8pu77")]
transform = Transform3D(1.74846e-07, -1, 4.37114e-08, -4.37114e-08, -4.37114e-08, -1, 1, 1.74846e-07, -4.37114e-08, -9.97705, 17.5768, -2.6491)
two_way_movement = true

[node name="AnimatableBody3D" parent="FirstLevelElements/SlidingPlatform01" index="0"]
transform = Transform3D(1.5, -1.56928e-22, 0, 5.6721e-22, 0.415, 0, 0, 0, 1, 0, 7, 0)

[node name="InteractableButtonSlidingPlatform01" parent="FirstLevelElements/SlidingPlatform01" node_paths=PackedStringArray("movable_platform") instance=ExtResource("5_bhsa7")]
transform = Transform3D(-7.28669e-08, -3.5, 1.45734e-07, 1.667, -1.5299e-07, -5.83138e-14, 1.04131e-13, 3.0598e-07, 1.667, -6.1325, -0.416722, -5.97041)
movable_platform = NodePath("..")

[node name="LightSphere3" type="CSGSphere3D" parent="FirstLevelElements/SlidingPlatform01/InteractableButtonSlidingPlatform01"]
transform = Transform3D(2.98023e-08, 1, -1.37337e-15, -1, 2.98023e-08, -1.77636e-15, 7.10543e-15, 2.99693e-15, 1, 0.79436, -0.00668335, 0.00490189)
visible = false
radius = 0.2
smooth_faces = false
material = SubResource("StandardMaterial3D_ph1dg")

[node name="OmniLight3D" type="OmniLight3D" parent="FirstLevelElements/SlidingPlatform01/InteractableButtonSlidingPlatform01/LightSphere3"]
transform = Transform3D(0.285714, 1.38223e-08, -6.21725e-15, 0, 0.59988, -5.81544e-15, 0, -1.64736e-14, 0.59988, 0.171365, 0, 0)
light_color = Color(0, 0.737255, 1, 1)
omni_attenuation = 1.1487

[node name="OmniLight3D2" type="OmniLight3D" parent="FirstLevelElements/SlidingPlatform01/InteractableButtonSlidingPlatform01/LightSphere3"]
transform = Transform3D(0.285714, 1.38223e-08, -6.21725e-15, 0, 0.59988, 1.55008e-14, 0, -3.77899e-14, 0.59988, -0.182727, 0, 0)
light_color = Color(0, 0.737255, 1, 1)
omni_attenuation = 1.1487

[node name="LightSphere01" type="CSGSphere3D" parent="FirstLevelElements"]
transform = Transform3D(1, 0, 0, 0, 1, 0, 0, 0, 1, -23.5655, 21.0025, 12.0105)
smooth_faces = false
material = SubResource("StandardMaterial3D_ph1dg")

[node name="OmniLight3D" type="OmniLight3D" parent="FirstLevelElements/LightSphere01"]
light_color = Color(0, 0.737255, 1, 1)
omni_range = 10.0
omni_attenuation = 1.1487

[node name="LightSphere02" type="CSGSphere3D" parent="FirstLevelElements"]
transform = Transform3D(1, 0, 0, 0, 1, 0, 0, 0, 1, 0.327674, 29.8178, -42.3666)
smooth_faces = false
material = SubResource("StandardMaterial3D_ph1dg")

[node name="OmniLight3D" type="OmniLight3D" parent="FirstLevelElements/LightSphere02"]
light_color = Color(0, 0.737255, 1, 1)
omni_range = 10.0
omni_attenuation = 1.1487

[node name="BaseLevelElements" type="Node3D" parent="."]
transform = Transform3D(1, 0, 0, 0, 1, 0, 0, 0, 1, 0, -1, 0)

[node name="Drawbridge" parent="BaseLevelElements" instance=ExtResource("6_efn8e")]
transform = Transform3D(1, 0, 0, 0, 1, 0, 0, 0, 1, 0, 6.45335, 30.864)
two_way_movement = true

[node name="AnimatableBody3D" parent="BaseLevelElements/Drawbridge" index="0"]
transform = Transform3D(1, 0, 0, 0, 0.173651, 0.984807, 0, -0.984807, 0.173651, 0, 0, 0)

[node name="AnimationPlayer" parent="BaseLevelElements/Drawbridge/AnimatableBody3D" index="2"]
speed_scale = 4.0

[node name="InteractableButtonDrawbridge" parent="BaseLevelElements/Drawbridge" node_paths=PackedStringArray("movable_platform") instance=ExtResource("5_bhsa7")]
transform = Transform3D(1, 0, 0, 0, 0, -1, 0, 1, 0, 0, 1.7578, 0.225525)
movable_platform = NodePath("..")

[node name="LightSphere4" type="CSGSphere3D" parent="BaseLevelElements/Drawbridge/InteractableButtonDrawbridge"]
transform = Transform3D(1, 0, -3.55271e-15, 3.55271e-15, -4.37114e-08, 1, -1.55294e-22, -1, -4.37114e-08, 0, 0, -1.00324)
visible = false
radius = 0.2
smooth_faces = false
material = SubResource("StandardMaterial3D_ph1dg")

[node name="OmniLight3D" type="OmniLight3D" parent="BaseLevelElements/Drawbridge/InteractableButtonDrawbridge/LightSphere4"]
transform = Transform3D(1, -6.31089e-29, -2.5411e-21, 1.26218e-29, 1, 3.55271e-15, 0, -3.55271e-15, 1, 0, 0, 0)
light_color = Color(0, 0.737255, 1, 1)
light_energy = 2.0
omni_attenuation = 1.1487

[node name="InteractableButtonDrawbridge2" parent="BaseLevelElements/Drawbridge" node_paths=PackedStringArray("movable_platform") instance=ExtResource("5_bhsa7")]
transform = Transform3D(1, 0, 0, 0, 0, -1, 0, 1, 0, 0, -3.25692, 0.225525)
movable_platform = NodePath("..")

[node name="LightSphere4" type="CSGSphere3D" parent="BaseLevelElements/Drawbridge/InteractableButtonDrawbridge2"]
transform = Transform3D(1, 0, -3.55271e-15, 3.55271e-15, -4.37114e-08, 1, -1.55294e-22, -1, -4.37114e-08, 0, 0, -1.00324)
visible = false
radius = 0.2
smooth_faces = false
material = SubResource("StandardMaterial3D_ph1dg")

[node name="OmniLight3D" type="OmniLight3D" parent="BaseLevelElements/Drawbridge/InteractableButtonDrawbridge2/LightSphere4"]
transform = Transform3D(1, -6.31089e-29, -2.5411e-21, 1.26218e-29, 1, 3.55271e-15, 0, -3.55271e-15, 1, 0, 0, 0)
light_color = Color(0, 0.737255, 1, 1)
light_energy = 2.0
omni_attenuation = 1.1487

[node name="FirstLevelElevator" parent="BaseLevelElements" instance=ExtResource("9_lo7c2")]
transform = Transform3D(-1, 0, 8.74228e-08, 0, 1, 0, -8.74228e-08, 0, -1, 13.5422, 43.6391, -28.8048)
two_way_movement = true

[node name="AnimatableBody3D" parent="BaseLevelElements/FirstLevelElevator" index="0"]
transform = Transform3D(1, 0, 0, 0, 1, 0, 0, 0, 1, 0, 7, 0)

[node name="ElevatorInteractableButton" parent="BaseLevelElements/FirstLevelElevator/AnimatableBody3D" index="3" node_paths=PackedStringArray("movable_platform")]
movable_platform = NodePath("../..")

[node name="BaseButton" parent="BaseLevelElements/FirstLevelElevator" index="1"]
transform = Transform3D(1, 0, 0, 0, 1, 0, 0, 0, 1, 0, -42, -7.31629)

[node name="BaseInteractableButton" parent="BaseLevelElements/FirstLevelElevator/BaseButton" index="1" node_paths=PackedStringArray("movable_platform")]
movable_platform = NodePath("../..")

[node name="pizza box v1" parent="." instance=ExtResource("10_aoeuq")]
transform = Transform3D(0.995207, 0.0977913, 0, -0.0965285, 0.982355, 0.160191, 0.0156653, -0.159424, 0.987086, 7.83109, 1.0544, 8.23048)

[node name="pizza box v2" parent="." instance=ExtResource("10_aoeuq")]
transform = Transform3D(-0.238364, 0.346811, -0.907141, -0.122822, 0.9158, 0.382395, 0.963378, 0.202566, -0.175698, 2.03595, 2.16048, 5.64853)

[node name="pizza box v3" parent="." instance=ExtResource("10_aoeuq")]
transform = Transform3D(-0.273421, 0.0729074, 0.959127, -0.177249, 0.976229, -0.124737, -0.945422, -0.20411, -0.253999, -4.10472, 3.45412, 10.1366)

[node name="pizza box v4" parent="." instance=ExtResource("10_aoeuq")]
transform = Transform3D(0.49945, 0.226739, -0.836145, -0.268974, 0.958033, 0.0991271, 0.823531, 0.175392, 0.539476, -9.80905, 4.99904, 5.86389)

[node name="pizza box v5" parent="." instance=ExtResource("10_aoeuq")]
transform = Transform3D(-0.997095, -0.0572273, -0.0502555, -0.0462632, 0.979265, -0.197231, 0.0605004, -0.194334, -0.979068, -9.80905, 5.26138, -1.11068)

[node name="pizza box v6" parent="." instance=ExtResource("10_aoeuq")]
transform = Transform3D(0.806642, 0.255029, -0.533188, -0.267408, 0.96198, 0.0555718, 0.527088, 0.0977524, 0.84417, -12.2712, 5.86095, -7.33293)

[editable path="GroundLevelElements/Drawbridge"]
[editable path="FirstLevelElements/SlidingPlatform01"]
[editable path="BaseLevelElements/Drawbridge"]
[editable path="BaseLevelElements/Drawbridge/InteractableButtonDrawbridge2"]
[editable path="BaseLevelElements/FirstLevelElevator"]
