[gd_scene load_steps=8 format=3 uid="uid://dy0nyqewtis1"]

[ext_resource type="Script" path="res://Scripts/MovableElement.gd" id="1_8bf7l"]

[sub_resource type="BoxMesh" id="BoxMesh_cuibe"]
size = Vector3(2, 0.5, 3)

[sub_resource type="BoxShape3D" id="BoxShape3D_qt8se"]
size = Vector3(2, 0.5, 3)

[node name="Drawbridge" type="Node3D"]
script = ExtResource("1_8bf7l")
two_way_movement = true

[node name="Pivot" type="Node3D" parent="."]
transform = Transform3D(1, 0, 0, 0, 0.34202, 0.939693, 0, -0.939693, 0.34202, 0, 0, 0)

[node name="StaticBody3D" type="AnimatableBody3D" parent="Pivot"]
transform = Transform3D(1, 0, 0, 0, 1, 0, 0, 0, 1, 0, 0.25, 1.5)
collision_mask = 7
sync_to_physics = false

[node name="MeshInstance3D" type="MeshInstance3D" parent="Pivot/StaticBody3D"]
mesh = SubResource("BoxMesh_cuibe")

[node name="CollisionShape3D" type="CollisionShape3D" parent="Pivot/StaticBody3D"]
shape = SubResource("BoxShape3D_qt8se")

[node name="StartingNode" type="Node3D" parent="."]
transform = Transform3D(1, 0, 0, 0, 0.34202, 0.939693, 0, -0.939693, 0.34202, 0, 0, 0)

[node name="EndingNode" type="Node3D" parent="."]
transform = Transform3D(1, 0, 0, 0, 0.819152, -0.573577, 0, 0.573577, 0.819152, 0, 0, 0)
